-64	-56	-61	-66	-71	-82	-81	1	0	0	0
-68	-57	-61	-65	-71	-85	-85	1	0	0	0
-63	-60	-60	-67	-76	-85	-84	1	0	0	0
-61	-60	-68	-62	-77	-90	-80	1	0	0	0
-63	-65	-60	-63	-77	-81	-87	1	0	0	0
-64	-55	-63	-66	-76	-88	-83	1	0	0	0
-65	-61	-65	-67	-69	-87	-84	1	0	0	0
-61	-63	-58	-66	-74	-87	-82	1	0	0	0
-65	-60	-59	-63	-76	-86	-82	1	0	0	0
-62	-60	-66	-68	-80	-86	-91	1	0	0	0
-67	-61	-62	-67	-77	-83	-91	1	0	0	0
-65	-59	-61	-67	-72	-86	-81	1	0	0	0
-63	-57	-61	-65	-73	-84	-84	1	0	0	0
-66	-60	-65	-62	-70	-85	-83	1	0	0	0
-61	-59	-65	-63	-74	-89	-87	1	0	0	0
-67	-60	-59	-61	-71	-86	-91	1	0	0	0
-63	-56	-60	-62	-70	-84	-91	1	0	0	0
-60	-54	-59	-65	-73	-83	-84	1	0	0	0
-60	-58	-60	-61	-73	-84	-88	1	0	0	0
-62	-59	-63	-64	-70	-84	-84	1	0	0	0
-63	-59	-64	-66	-72	-84	-90	1	0	0	0
-65	-59	-66	-65	-68	-82	-85	1	0	0	0
-63	-56	-63	-65	-72	-82	-89	1	0	0	0
-67	-60	-66	-65	-75	-86	-87	1	0	0	0
-63	-57	-67	-66	-79	-86	-89	1	0	0	0
-66	-59	-64	-68	-68	-97	-83	1	0	0	0
-65	-61	-64	-68	-77	-86	-89	1	0	0	0
-66	-57	-65	-69	-78	-85	-85	1	0	0	0
-67	-57	-64	-71	-75	-89	-87	1	0	0	0
-65	-62	-62	-65	-77	-84	-85	1	0	0	0
-61	-54	-60	-61	-74	-87	-83	1	0	0	0
-65	-53	-60	-62	-69	-85	-83	1	0	0	0
-66	-55	-63	-65	-68	-85	-90	1	0	0	0
-63	-57	-59	-67	-71	-82	-93	1	0	0	0
-63	-57	-62	-65	-76	-82	-88	1	0	0	0
-64	-57	-62	-67	-68	-83	-84	1	0	0	0
-68	-63	-68	-64	-74	-86	-84	1	0	0	0
-70	-62	-68	-65	-81	-89	-83	1	0	0	0
-67	-59	-62	-66	-80	-96	-82	1	0	0	0
-66	-59	-64	-67	-77	-87	-85	1	0	0	0
-66	-59	-65	-68	-75	-88	-84	1	0	0	0
-67	-59	-62	-65	-71	-91	-84	1	0	0	0
-69	-61	-62	-62	-75	-85	-84	1	0	0	0
-68	-58	-65	-65	-76	-87	-82	1	0	0	0
-66	-62	-64	-68	-73	-89	-83	1	0	0	0
-68	-58	-65	-67	-83	-89	-86	1	0	0	0
-65	-58	-62	-67	-77	-86	-91	1	0	0	0
-65	-58	-64	-69	-81	-88	-90	1	0	0	0
-65	-56	-63	-71	-77	-89	-85	1	0	0	0
-64	-59	-65	-70	-84	-90	-89	1	0	0	0
-64	-56	-64	-70	-80	-91	-84	1	0	0	0
-68	-57	-64	-68	-77	-88	-85	1	0	0	0
-67	-56	-65	-68	-82	-96	-89	1	0	0	0
-66	-69	-63	-69	-79	-88	-86	1	0	0	0
-68	-57	-62	-68	-77	-91	-86	1	0	0	0
-62	-58	-61	-68	-70	-85	-86	1	0	0	0
-63	-58	-66	-68	-75	-90	-93	1	0	0	0
-62	-58	-57	-65	-70	-82	-91	1	0	0	0
-64	-51	-57	-67	-68	-84	-82	1	0	0	0
-62	-56	-61	-67	-67	-81	-85	1	0	0	0
-63	-53	-60	-68	-67	-87	-85	1	0	0	0
-64	-54	-58	-69	-65	-86	-86	1	0	0	0
-62	-52	-61	-66	-65	-85	-89	1	0	0	0
-64	-54	-61	-63	-65	-88	-86	1	0	0	0
-58	-54	-61	-66	-75	-87	-86	1	0	0	0
-63	-55	-63	-68	-77	-87	-89	1	0	0	0
-64	-56	-64	-65	-75	-85	-90	1	0	0	0
-64	-56	-64	-67	-77	-81	-85	1	0	0	0
-63	-57	-65	-69	-77	-81	-85	1	0	0	0
-63	-61	-61	-68	-72	-87	-92	1	0	0	0
-59	-55	-62	-64	-68	-77	-86	1	0	0	0
-64	-57	-62	-68	-71	-85	-85	1	0	0	0
-66	-58	-56	-66	-79	-86	-93	1	0	0	0
-63	-59	-58	-64	-74	-82	-90	1	0	0	0
-66	-57	-57	-64	-69	-84	-90	1	0	0	0
-59	-60	-57	-62	-67	-80	-84	1	0	0	0
-60	-57	-55	-66	-69	-82	-89	1	0	0	0
-61	-55	-63	-64	-69	-83	-82	1	0	0	0
-61	-60	-57	-61	-74	-81	-82	1	0	0	0
-65	-60	-60	-62	-75	-83	-79	1	0	0	0
-65	-56	-65	-63	-68	-82	-93	1	0	0	0
-63	-60	-69	-65	-71	-85	-86	1	0	0	0
-62	-57	-60	-65	-72	-83	-87	1	0	0	0
-65	-60	-62	-63	-75	-85	-82	1	0	0	0
-65	-60	-62	-68	-69	-84	-89	1	0	0	0
-67	-56	-62	-70	-69	-86	-84	1	0	0	0
-67	-61	-63	-64	-71	-85	-84	1	0	0	0
-71	-62	-65	-68	-83	-85	-86	1	0	0	0
-68	-64	-66	-73	-81	-86	-83	1	0	0	0
-68	-63	-65	-74	-81	-84	-89	1	0	0	0
-70	-64	-63	-69	-83	-85	-87	1	0	0	0
-72	-63	-64	-70	-81	-85	-87	1	0	0	0
-73	-62	-66	-65	-81	-87	-89	1	0	0	0
-73	-61	-65	-65	-77	-89	-90	1	0	0	0
-73	-63	-65	-70	-80	-89	-93	1	0	0	0
-74	-62	-66	-70	-76	-89	-87	1	0	0	0
-71	-62	-63	-69	-75	-85	-87	1	0	0	0
-71	-64	-64	-70	-78	-88	-94	1	0	0	0
-70	-64	-66	-73	-78	-87	-94	1	0	0	0
-72	-62	-63	-76	-81	-84	-91	1	0	0	0
-72	-59	-65	-75	-81	-84	-91	1	0	0	0
-69	-59	-59	-65	-78	-86	-87	1	0	0	0
-57	-58	-65	-62	-77	-80	-87	1	0	0	0
-63	-55	-62	-66	-76	-89	-85	1	0	0	0
-64	-56	-69	-64	-73	-89	-85	1	0	0	0
-60	-57	-60	-66	-76	-82	-80	1	0	0	0
-64	-58	-59	-61	-70	-84	-86	1	0	0	0
-62	-55	-57	-62	-70	-82	-86	1	0	0	0
-65	-54	-57	-66	-70	-82	-80	1	0	0	0
-61	-56	-53	-62	-63	-84	-91	1	0	0	0
-65	-56	-55	-65	-68	-85	-93	1	0	0	0
-65	-55	-55	-67	-63	-82	-89	1	0	0	0
-59	-57	-62	-61	-68	-80	-83	1	0	0	0
-65	-59	-65	-63	-68	-80	-83	1	0	0	0
-63	-58	-62	-71	-74	-92	-94	1	0	0	0
-63	-59	-61	-62	-78	-90	-82	1	0	0	0
-65	-60	-67	-66	-68	-84	-89	1	0	0	0
-65	-58	-67	-67	-70	-87	-84	1	0	0	0
-65	-58	-70	-66	-71	-85	-83	1	0	0	0
-65	-59	-65	-67	-89	-85	-83	1	0	0	0
-63	-58	-64	-66	-70	-81	-91	1	0	0	0
-61	-54	-56	-59	-68	-82	-83	1	0	0	0
-59	-54	-59	-59	-67	-86	-80	1	0	0	0
-62	-56	-56	-61	-68	-81	-86	1	0	0	0
-61	-51	-58	-62	-71	-80	-84	1	0	0	0
-59	-54	-56	-62	-67	-81	-82	1	0	0	0
-58	-54	-58	-62	-75	-81	-81	1	0	0	0
-57	-53	-59	-64	-71	-80	-79	1	0	0	0
-63	-55	-62	-63	-70	-80	-75	1	0	0	0
-62	-54	-56	-64	-75	-88	-85	1	0	0	0
-62	-58	-57	-62	-72	-81	-81	1	0	0	0
-62	-58	-57	-65	-68	-83	-79	1	0	0	0
-65	-50	-51	-57	-70	-80	-79	1	0	0	0
-63	-48	-51	-59	-69	-77	-82	1	0	0	0
-63	-51	-50	-63	-67	-83	-79	1	0	0	0
-61	-53	-54	-58	-71	-82	-86	1	0	0	0
-56	-53	-58	-64	-71	-84	-87	1	0	0	0
-58	-54	-62	-66	-76	-83	-86	1	0	0	0
-62	-60	-64	-74	-76	-81	-91	1	0	0	0
-64	-59	-68	-67	-74	-82	-82	1	0	0	0
-66	-59	-70	-69	-76	-87	-89	1	0	0	0
-64	-59	-65	-64	-74	-88	-90	1	0	0	0
-64	-54	-65	-63	-71	-85	-89	1	0	0	0
-63	-57	-65	-71	-75	-82	-86	1	0	0	0
-62	-56	-64	-69	-75	-81	-84	1	0	0	0
-63	-58	-65	-66	-78	-81	-88	1	0	0	0
-63	-58	-65	-66	-73	-86	-89	1	0	0	0
-65	-60	-65	-66	-73	-84	-93	1	0	0	0
-63	-58	-64	-67	-74	-87	-87	1	0	0	0
-64	-59	-66	-63	-74	-87	-87	1	0	0	0
-64	-54	-56	-65	-74	-85	-87	1	0	0	0
-62	-55	-63	-61	-68	-81	-83	1	0	0	0
-60	-54	-57	-66	-64	-81	-83	1	0	0	0
-59	-55	-65	-62	-62	-81	-77	1	0	0	0
-63	-52	-56	-59	-66	-80	-80	1	0	0	0
-60	-59	-58	-63	-72	-82	-79	1	0	0	0
-62	-55	-61	-60	-63	-84	-80	1	0	0	0
-62	-51	-58	-61	-63	-77	-80	1	0	0	0
-56	-50	-56	-62	-61	-79	-85	1	0	0	0
-62	-51	-53	-60	-67	-78	-85	1	0	0	0
-58	-55	-58	-61	-67	-78	-80	1	0	0	0
-60	-53	-60	-62	-73	-81	-82	1	0	0	0
-60	-53	-59	-64	-70	-80	-90	1	0	0	0
-60	-56	-58	-65	-70	-80	-87	1	0	0	0
-59	-54	-59	-64	-74	-80	-81	1	0	0	0
-62	-55	-58	-68	-69	-83	-88	1	0	0	0
-62	-58	-59	-66	-68	-87	-88	1	0	0	0
-63	-58	-56	-66	-73	-87	-83	1	0	0	0
-56	-47	-56	-61	-67	-78	-88	1	0	0	0
-62	-51	-54	-59	-64	-77	-81	1	0	0	0
-62	-51	-61	-71	-67	-79	-80	1	0	0	0
-58	-54	-58	-58	-67	-84	-88	1	0	0	0
-57	-54	-56	-56	-68	-79	-82	1	0	0	0
-56	-54	-58	-62	-68	-77	-81	1	0	0	0
-60	-58	-62	-61	-62	-81	-84	1	0	0	0
-60	-55	-58	-57	-75	-74	-82	1	0	0	0
-61	-56	-57	-56	-75	-74	-81	1	0	0	0
-58	-55	-59	-58	-72	-77	-81	1	0	0	0
-59	-49	-53	-59	-62	-81	-83	1	0	0	0
-60	-52	-51	-59	-73	-79	-81	1	0	0	0
-57	-56	-56	-61	-70	-77	-77	1	0	0	0
-57	-57	-59	-61	-67	-80	-83	1	0	0	0
-62	-50	-61	-64	-73	-80	-81	1	0	0	0
-62	-54	-62	-68	-80	-80	-78	1	0	0	0
-63	-57	-63	-64	-73	-86	-81	1	0	0	0
-62	-57	-54	-66	-71	-81	-83	1	0	0	0
-61	-55	-59	-58	-66	-79	-78	1	0	0	0
-60	-59	-56	-63	-64	-82	-81	1	0	0	0
-56	-53	-64	-61	-72	-84	-81	1	0	0	0
-57	-53	-56	-58	-68	-75	-80	1	0	0	0
-60	-55	-60	-59	-67	-81	-87	1	0	0	0
-62	-56	-57	-63	-69	-87	-91	1	0	0	0
-58	-59	-56	-64	-68	-82	-87	1	0	0	0
-63	-56	-61	-61	-68	-83	-87	1	0	0	0
-64	-57	-63	-59	-69	-82	-86	1	0	0	0
-64	-61	-62	-65	-70	-85	-87	1	0	0	0
-61	-58	-60	-61	-74	-78	-83	1	0	0	0
-65	-56	-63	-66	-80	-83	-88	1	0	0	0
-62	-56	-63	-66	-74	-82	-80	1	0	0	0
-62	-49	-59	-63	-62	-80	-79	1	0	0	0
-58	-54	-52	-61	-74	-75	-82	1	0	0	0
-62	-52	-57	-60	-70	-81	-74	1	0	0	0
-65	-53	-53	-57	-64	-87	-80	1	0	0	0
-59	-51	-58	-57	-64	-76	-85	1	0	0	0
-57	-54	-59	-63	-65	-80	-80	1	0	0	0
-62	-50	-57	-59	-72	-82	-84	1	0	0	0
-56	-51	-62	-62	-71	-77	-82	1	0	0	0
-57	-56	-58	-58	-66	-85	-80	1	0	0	0
-58	-54	-61	-59	-68	-78	-76	1	0	0	0
-62	-56	-61	-65	-74	-78	-76	1	0	0	0
-60	-54	-61	-65	-70	-82	-88	1	0	0	0
-62	-63	-62	-65	-68	-87	-86	1	0	0	0
-62	-57	-61	-64	-68	-82	-82	1	0	0	0
-60	-58	-57	-65	-69	-80	-89	1	0	0	0
-62	-56	-59	-68	-74	-95	-84	1	0	0	0
-60	-53	-59	-64	-65	-76	-81	1	0	0	0
-60	-54	-57	-60	-66	-80	-88	1	0	0	0
-59	-55	-61	-65	-68	-84	-84	1	0	0	0
-58	-49	-55	-60	-70	-78	-80	1	0	0	0
-62	-49	-56	-63	-67	-78	-80	1	0	0	0
-63	-48	-54	-65	-67	-82	-80	1	0	0	0
-57	-56	-54	-69	-75	-83	-81	1	0	0	0
-62	-55	-59	-63	-72	-76	-87	1	0	0	0
-61	-50	-59	-67	-65	-79	-86	1	0	0	0
-66	-56	-54	-69	-65	-82	-82	1	0	0	0
-63	-54	-55	-67	-71	-82	-87	1	0	0	0
-60	-57	-58	-64	-70	-84	-79	1	0	0	0
-61	-56	-58	-67	-68	-80	-81	1	0	0	0
-61	-62	-64	-65	-73	-81	-90	1	0	0	0
-66	-58	-58	-68	-73	-85	-78	1	0	0	0
-66	-56	-57	-66	-73	-84	-87	1	0	0	0
-63	-54	-55	-64	-72	-84	-81	1	0	0	0
-58	-53	-58	-64	-73	-82	-82	1	0	0	0
-58	-48	-59	-59	-64	-84	-77	1	0	0	0
-56	-55	-59	-68	-74	-84	-79	1	0	0	0
-59	-54	-63	-72	-75	-81	-78	1	0	0	0
-58	-56	-61	-66	-75	-84	-78	1	0	0	0
-61	-54	-57	-67	-67	-82	-84	1	0	0	0
-62	-56	-67	-63	-68	-82	-86	1	0	0	0
-59	-54	-56	-65	-74	-79	-85	1	0	0	0
-58	-59	-59	-65	-65	-82	-94	1	0	0	0
-63	-54	-61	-66	-73	-84	-88	1	0	0	0
-63	-57	-58	-62	-73	-86	-85	1	0	0	0
-64	-52	-63	-62	-71	-84	-79	1	0	0	0
-62	-57	-58	-65	-71	-87	-86	1	0	0	0
-57	-56	-60	-58	-70	-79	-84	1	0	0	0
-57	-54	-57	-61	-62	-80	-79	1	0	0	0
-63	-59	-65	-62	-65	-83	-80	1	0	0	0
-62	-59	-61	-59	-69	-82	-83	1	0	0	0
-56	-56	-62	-64	-70	-79	-86	1	0	0	0
-57	-52	-60	-61	-66	-81	-85	1	0	0	0
-59	-55	-58	-61	-67	-77	-79	1	0	0	0
-57	-56	-59	-59	-64	-79	-78	1	0	0	0
-58	-58	-61	-59	-69	-81	-80	1	0	0	0
-62	-58	-57	-58	-69	-94	-77	1	0	0	0
-59	-60	-60	-62	-67	-94	-77	1	0	0	0
-62	-55	-58	-62	-67	-81	-77	1	0	0	0
-59	-54	-60	-60	-66	-83	-78	1	0	0	0
-63	-55	-63	-62	-68	-89	-85	1	0	0	0
-63	-59	-61	-61	-66	-79	-80	1	0	0	0
-59	-57	-59	-64	-73	-79	-84	1	0	0	0
-62	-53	-61	-59	-74	-84	-81	1	0	0	0
-58	-51	-59	-65	-74	-86	-82	1	0	0	0
-60	-55	-58	-61	-72	-83	-82	1	0	0	0
-63	-57	-57	-65	-75	-83	-76	1	0	0	0
-64	-57	-56	-63	-68	-85	-81	1	0	0	0
-59	-57	-63	-66	-65	-82	-78	1	0	0	0
-63	-60	-58	-64	-66	-83	-90	1	0	0	0
-65	-56	-60	-66	-74	-89	-90	1	0	0	0
-61	-56	-63	-62	-73	-87	-91	1	0	0	0
-62	-59	-61	-66	-75	-86	-80	1	0	0	0
-63	-52	-61	-64	-75	-80	-83	1	0	0	0
-58	-51	-59	-63	-69	-81	-80	1	0	0	0
-61	-56	-65	-65	-66	-77	-81	1	0	0	0
-61	-56	-62	-67	-66	-81	-88	1	0	0	0
-59	-55	-63	-67	-66	-82	-86	1	0	0	0
-62	-55	-65	-59	-69	-86	-87	1	0	0	0
-61	-54	-64	-59	-68	-86	-88	1	0	0	0
-61	-56	-65	-59	-68	-86	-88	1	0	0	0
-61	-57	-65	-59	-67	-86	-87	1	0	0	0
-60	-57	-66	-60	-68	-87	-89	1	0	0	0
-61	-59	-63	-60	-69	-87	-88	1	0	0	0
-63	-58	-66	-63	-68	-87	-83	1	0	0	0
-63	-57	-59	-66	-71	-82	-83	1	0	0	0
-59	-52	-61	-61	-76	-75	-78	1	0	0	0
-65	-62	-60	-65	-68	-83	-82	1	0	0	0
-66	-53	-58	-63	-69	-81	-80	1	0	0	0
-66	-53	-59	-62	-69	-81	-79	1	0	0	0
-60	-56	-62	-61	-69	-82	-81	1	0	0	0
-56	-50	-58	-63	-68	-83	-83	1	0	0	0
-59	-59	-58	-62	-64	-78	-81	1	0	0	0
-60	-57	-58	-66	-65	-77	-80	1	0	0	0
-59	-56	-58	-68	-62	-80	-81	1	0	0	0
-59	-54	-57	-65	-62	-80	-82	1	0	0	0
-58	-53	-61	-62	-64	-78	-81	1	0	0	0
-59	-60	-61	-66	-66	-81	-85	1	0	0	0
-56	-58	-60	-59	-66	-80	-77	1	0	0	0
-57	-59	-58	-66	-67	-78	-82	1	0	0	0
-62	-53	-58	-65	-67	-82	-84	1	0	0	0
-60	-59	-61	-62	-68	-81	-85	1	0	0	0
-61	-57	-63	-67	-72	-77	-82	1	0	0	0
-61	-55	-62	-62	-65	-82	-81	1	0	0	0
-57	-55	-58	-64	-65	-87	-79	1	0	0	0
-61	-52	-54	-63	-64	-84	-82	1	0	0	0
-61	-54	-54	-67	-60	-81	-83	1	0	0	0
-59	-57	-53	-61	-63	-79	-87	1	0	0	0
-62	-54	-55	-61	-63	-84	-81	1	0	0	0
-62	-54	-58	-64	-65	-77	-85	1	0	0	0
-59	-54	-58	-59	-63	-81	-80	1	0	0	0
-58	-55	-58	-61	-64	-81	-84	1	0	0	0
-61	-54	-64	-63	-68	-83	-81	1	0	0	0
-62	-57	-61	-63	-65	-83	-82	1	0	0	0
-67	-56	-65	-68	-69	-83	-82	1	0	0	0
-63	-57	-60	-64	-72	-80	-78	1	0	0	0
-62	-57	-63	-67	-66	-87	-80	1	0	0	0
-63	-57	-66	-66	-68	-83	-81	1	0	0	0
-62	-57	-59	-72	-73	-86	-82	1	0	0	0
-64	-66	-54	-67	-70	-83	-82	1	0	0	0
-62	-63	-57	-69	-71	-82	-82	1	0	0	0
-64	-64	-58	-75	-68	-82	-80	1	0	0	0
-64	-62	-57	-69	-67	-77	-81	1	0	0	0
-63	-63	-57	-68	-71	-79	-82	1	0	0	0
-61	-55	-58	-67	-69	-84	-86	1	0	0	0
-65	-51	-59	-61	-66	-81	-84	1	0	0	0
-61	-58	-60	-64	-73	-81	-82	1	0	0	0
-64	-55	-62	-66	-65	-85	-81	1	0	0	0
-62	-59	-59	-64	-65	-80	-81	1	0	0	0
-59	-55	-56	-64	-69	-83	-84	1	0	0	0
-64	-56	-60	-61	-67	-78	-85	1	0	0	0
-60	-56	-56	-64	-67	-84	-85	1	0	0	0
-58	-54	-59	-62	-68	-79	-87	1	0	0	0
-59	-52	-61	-57	-69	-83	-78	1	0	0	0
-56	-55	-56	-59	-64	-83	-83	1	0	0	0
-60	-56	-56	-63	-65	-80	-83	1	0	0	0
-59	-53	-64	-60	-68	-82	-81	1	0	0	0
-58	-52	-64	-64	-66	-88	-83	1	0	0	0
-59	-51	-64	-57	-69	-80	-80	1	0	0	0
-58	-50	-59	-58	-68	-80	-81	1	0	0	0
-61	-53	-53	-61	-63	-77	-81	1	0	0	0
-58	-50	-55	-54	-61	-84	-87	1	0	0	0
-60	-58	-56	-65	-68	-79	-86	1	0	0	0
-62	-56	-59	-58	-67	-78	-79	1	0	0	0
-62	-59	-62	-60	-68	-80	-89	1	0	0	0
-61	-58	-64	-61	-64	-78	-82	1	0	0	0
-61	-59	-62	-61	-66	-80	-88	1	0	0	0
-60	-51	-59	-63	-68	-81	-76	1	0	0	0
-60	-58	-57	-59	-66	-82	-83	1	0	0	0
-61	-54	-60	-62	-66	-79	-85	1	0	0	0
-59	-54	-60	-65	-66	-80	-90	1	0	0	0
-61	-59	-62	-65	-66	-81	-83	1	0	0	0
-42	-53	-62	-38	-66	-65	-69	0	1	0	0
-44	-55	-61	-41	-66	-72	-68	0	1	0	0
-41	-58	-56	-40	-73	-69	-73	0	1	0	0
-40	-55	-56	-41	-70	-74	-73	0	1	0	0
-38	-55	-53	-37	-72	-71	-73	0	1	0	0
-38	-54	-56	-45	-56	-72	-68	0	1	0	0
-38	-52	-54	-38	-64	-73	-77	0	1	0	0
-37	-59	-57	-38	-69	-68	-73	0	1	0	0
-37	-61	-61	-37	-71	-68	-73	0	1	0	0
-37	-56	-56	-38	-68	-70	-66	0	1	0	0
-37	-59	-57	-43	-73	-65	-66	0	1	0	0
-39	-54	-61	-43	-75	-64	-74	0	1	0	0
-42	-57	-61	-43	-73	-67	-66	0	1	0	0
-40	-56	-58	-42	-67	-62	-71	0	1	0	0
-41	-56	-54	-41	-76	-65	-68	0	1	0	0
-43	-55	-55	-39	-69	-67	-71	0	1	0	0
-41	-56	-56	-38	-72	-67	-70	0	1	0	0
-41	-56	-60	-39	-72	-74	-66	0	1	0	0
-44	-52	-60	-37	-66	-67	-73	0	1	0	0
-43	-55	-63	-37	-64	-67	-76	0	1	0	0
-40	-59	-57	-43	-74	-65	-66	0	1	0	0
-38	-57	-61	-38	-69	-73	-70	0	1	0	0
-39	-62	-58	-37	-69	-73	-72	0	1	0	0
-35	-58	-61	-38	-67	-71	-71	0	1	0	0
-26	-55	-55	-38	-71	-71	-70	0	1	0	0
-38	-58	-59	-41	-65	-68	-74	0	1	0	0
-27	-55	-57	-37	-67	-71	-71	0	1	0	0
-19	-59	-67	-35	-65	-66	-74	0	1	0	0
-18	-63	-62	-38	-72	-71	-73	0	1	0	0
-14	-58	-60	-38	-74	-74	-73	0	1	0	0
-17	-66	-61	-37	-68	-75	-77	0	1	0	0
-16	-70	-58	-14	-73	-71	-80	0	1	0	0
-19	-62	-56	-13	-74	-72	-77	0	1	0	0
-18	-62	-56	-15	-71	-70	-79	0	1	0	0
-18	-62	-59	-14	-73	-71	-78	0	1	0	0
-17	-63	-60	-14	-72	-72	-77	0	1	0	0
-17	-61	-60	-15	-72	-69	-79	0	1	0	0
-17	-74	-60	-15	-73	-71	-80	0	1	0	0
-16	-59	-60	-35	-69	-81	-78	0	1	0	0
-12	-60	-62	-14	-71	-77	-71	0	1	0	0
-16	-58	-58	-13	-68	-76	-90	0	1	0	0
-21	-61	-62	-16	-76	-74	-74	0	1	0	0
-36	-57	-60	-20	-71	-74	-74	0	1	0	0
-39	-56	-58	-37	-64	-76	-72	0	1	0	0
-36	-57	-61	-38	-63	-79	-71	0	1	0	0
-38	-60	-57	-38	-65	-79	-76	0	1	0	0
-38	-55	-54	-42	-63	-78	-71	0	1	0	0
-38	-58	-53	-40	-63	-77	-70	0	1	0	0
-37	-61	-54	-37	-66	-74	-75	0	1	0	0
-41	-57	-51	-40	-66	-78	-71	0	1	0	0
-41	-53	-49	-38	-71	-69	-75	0	1	0	0
-42	-53	-50	-47	-66	-80	-69	0	1	0	0
-47	-55	-52	-49	-59	-78	-71	0	1	0	0
-41	-58	-53	-38	-65	-79	-72	0	1	0	0
-45	-58	-59	-42	-66	-81	-75	0	1	0	0
-41	-59	-53	-40	-69	-80	-78	0	1	0	0
-46	-58	-59	-40	-71	-78	-76	0	1	0	0
-42	-55	-57	-38	-71	-71	-76	0	1	0	0
-42	-56	-50	-43	-68	-76	-77	0	1	0	0
-41	-58	-58	-42	-64	-79	-80	0	1	0	0
-39	-56	-55	-41	-62	-69	-75	0	1	0	0
-38	-53	-53	-43	-78	-69	-75	0	1	0	0
-45	-58	-55	-38	-68	-76	-75	0	1	0	0
-40	-56	-53	-50	-71	-79	-78	0	1	0	0
-43	-58	-56	-41	-69	-79	-78	0	1	0	0
-45	-57	-58	-45	-77	-78	-80	0	1	0	0
-48	-58	-57	-45	-73	-86	-92	0	1	0	0
-38	-58	-60	-42	-66	-82	-79	0	1	0	0
-45	-58	-58	-40	-70	-86	-80	0	1	0	0
-40	-53	-56	-42	-69	-74	-78	0	1	0	0
-43	-60	-55	-46	-71	-76	-79	0	1	0	0
-41	-59	-54	-41	-58	-80	-80	0	1	0	0
-43	-59	-54	-39	-63	-79	-87	0	1	0	0
-39	-54	-53	-45	-68	-78	-81	0	1	0	0
-48	-56	-54	-39	-67	-78	-82	0	1	0	0
-43	-58	-56	-43	-67	-78	-82	0	1	0	0
-41	-57	-55	-43	-65	-71	-76	0	1	0	0
-39	-56	-54	-48	-61	-78	-67	0	1	0	0
-38	-54	-50	-42	-60	-71	-67	0	1	0	0
-38	-56	-53	-47	-61	-72	-83	0	1	0	0
-39	-56	-55	-39	-68	-74	-73	0	1	0	0
-38	-50	-71	-39	-68	-78	-74	0	1	0	0
-38	-57	-60	-39	-68	-73	-74	0	1	0	0
-37	-50	-53	-42	-65	-72	-71	0	1	0	0
-40	-50	-49	-51	-65	-75	-80	0	1	0	0
-38	-52	-56	-44	-65	-71	-75	0	1	0	0
-38	-51	-54	-45	-67	-72	-76	0	1	0	0
-40	-55	-47	-47	-64	-75	-79	0	1	0	0
-39	-56	-53	-40	-69	-75	-72	0	1	0	0
-43	-58	-50	-45	-71	-68	-74	0	1	0	0
-40	-53	-50	-40	-60	-69	-74	0	1	0	0
-38	-58	-59	-37	-66	-74	-67	0	1	0	0
-38	-63	-61	-43	-64	-76	-76	0	1	0	0
-37	-56	-58	-39	-66	-70	-72	0	1	0	0
-20	-63	-61	-35	-70	-73	-71	0	1	0	0
-39	-57	-55	-37	-67	-70	-73	0	1	0	0
-35	-58	-59	-40	-75	-75	-73	0	1	0	0
-19	-59	-55	-37	-73	-72	-66	0	1	0	0
-20	-56	-55	-37	-61	-79	-72	0	1	0	0
-35	-54	-55	-40	-61	-79	-73	0	1	0	0
-19	-60	-56	-36	-63	-70	-75	0	1	0	0
-15	-60	-59	-37	-65	-74	-73	0	1	0	0
-18	-60	-59	-17	-68	-75	-75	0	1	0	0
-19	-63	-66	-20	-79	-73	-72	0	1	0	0
-14	-59	-64	-16	-79	-76	-72	0	1	0	0
-13	-63	-65	-16	-74	-73	-74	0	1	0	0
-13	-60	-63	-18	-70	-73	-73	0	1	0	0
-12	-60	-68	-15	-74	-73	-70	0	1	0	0
-12	-64	-63	-18	-69	-72	-74	0	1	0	0
-17	-63	-65	-27	-86	-72	-74	0	1	0	0
-27	-59	-56	-38	-62	-75	-79	0	1	0	0
-41	-58	-66	-41	-73	-71	-79	0	1	0	0
-39	-54	-55	-37	-71	-64	-67	0	1	0	0
-38	-56	-55	-39	-75	-71	-75	0	1	0	0
-38	-62	-57	-41	-77	-65	-68	0	1	0	0
-41	-57	-64	-42	-74	-69	-70	0	1	0	0
-43	-59	-63	-40	-74	-66	-64	0	1	0	0
-44	-58	-63	-39	-80	-71	-72	0	1	0	0
-45	-58	-63	-45	-80	-76	-65	0	1	0	0
-44	-57	-64	-40	-75	-69	-64	0	1	0	0
-42	-58	-63	-41	-75	-69	-67	0	1	0	0
-44	-57	-62	-41	-75	-65	-68	0	1	0	0
-45	-58	-62	-40	-73	-70	-67	0	1	0	0
-41	-59	-65	-47	-75	-68	-66	0	1	0	0
-40	-63	-67	-40	-75	-70	-70	0	1	0	0
-40	-56	-57	-35	-84	-70	-66	0	1	0	0
-36	-60	-57	-37	-68	-66	-77	0	1	0	0
-36	-59	-57	-19	-70	-69	-75	0	1	0	0
-17	-59	-63	-15	-70	-76	-85	0	1	0	0
-35	-57	-54	-35	-64	-78	-76	0	1	0	0
-39	-54	-55	-37	-61	-77	-79	0	1	0	0
-42	-56	-52	-36	-75	-68	-81	0	1	0	0
-39	-51	-64	-38	-71	-78	-78	0	1	0	0
-43	-53	-53	-38	-63	-76	-73	0	1	0	0
-40	-56	-56	-38	-66	-77	-74	0	1	0	0
-41	-59	-53	-40	-62	-72	-76	0	1	0	0
-42	-59	-57	-51	-62	-72	-76	0	1	0	0
-49	-62	-59	-43	-78	-79	-81	0	1	0	0
-48	-61	-58	-44	-75	-80	-89	0	1	0	0
-50	-54	-60	-43	-74	-76	-77	0	1	0	0
-49	-56	-58	-42	-77	-76	-78	0	1	0	0
-51	-57	-59	-45	-77	-75	-81	0	1	0	0
-50	-58	-57	-42	-76	-74	-80	0	1	0	0
-48	-58	-58	-44	-71	-77	-79	0	1	0	0
-50	-55	-58	-43	-73	-75	-80	0	1	0	0
-50	-56	-63	-45	-71	-76	-78	0	1	0	0
-50	-57	-58	-44	-82	-75	-78	0	1	0	0
-50	-55	-59	-41	-82	-75	-78	0	1	0	0
-48	-63	-58	-44	-74	-79	-78	0	1	0	0
-45	-56	-60	-46	-81	-79	-75	0	1	0	0
-50	-57	-61	-50	-74	-83	-79	0	1	0	0
-50	-57	-57	-50	-70	-77	-80	0	1	0	0
-50	-55	-57	-48	-80	-81	-76	0	1	0	0
-49	-56	-60	-47	-72	-80	-79	0	1	0	0
-48	-57	-60	-44	-71	-85	-77	0	1	0	0
-49	-56	-59	-49	-74	-82	-80	0	1	0	0
-48	-63	-55	-42	-71	-81	-79	0	1	0	0
-44	-63	-67	-46	-63	-81	-78	0	1	0	0
-40	-59	-67	-50	-68	-79	-78	0	1	0	0
-40	-63	-64	-50	-64	-75	-78	0	1	0	0
-52	-60	-65	-48	-64	-79	-75	0	1	0	0
-42	-58	-65	-46	-71	-77	-73	0	1	0	0
-42	-61	-63	-44	-74	-76	-75	0	1	0	0
-43	-62	-66	-43	-73	-77	-76	0	1	0	0
-41	-60	-65	-51	-72	-74	-78	0	1	0	0
-44	-59	-63	-42	-72	-79	-80	0	1	0	0
-43	-60	-68	-46	-72	-83	-79	0	1	0	0
-40	-58	-60	-49	-72	-74	-80	0	1	0	0
-37	-54	-55	-38	-72	-76	-79	0	1	0	0
-38	-55	-57	-37	-64	-68	-73	0	1	0	0
-37	-56	-55	-38	-71	-75	-78	0	1	0	0
-40	-55	-66	-39	-75	-73	-78	0	1	0	0
-40	-56	-53	-42	-65	-72	-70	0	1	0	0
-40	-59	-57	-39	-67	-81	-74	0	1	0	0
-39	-56	-53	-49	-70	-80	-75	0	1	0	0
-42	-60	-56	-44	-74	-76	-80	0	1	0	0
-44	-54	-54	-45	-73	-71	-79	0	1	0	0
-44	-57	-53	-46	-67	-78	-79	0	1	0	0
-43	-55	-55	-44	-68	-76	-79	0	1	0	0
-39	-59	-57	-42	-75	-78	-74	0	1	0	0
-41	-57	-59	-44	-65	-76	-77	0	1	0	0
-42	-57	-51	-41	-69	-77	-75	0	1	0	0
-45	-58	-55	-46	-69	-75	-73	0	1	0	0
-49	-56	-58	-50	-64	-75	-73	0	1	0	0
-37	-58	-57	-37	-73	-75	-71	0	1	0	0
-35	-58	-55	-38	-61	-74	-79	0	1	0	0
-38	-55	-57	-41	-66	-73	-69	0	1	0	0
-38	-53	-53	-38	-66	-70	-69	0	1	0	0
-40	-50	-52	-48	-68	-73	-71	0	1	0	0
-37	-53	-51	-37	-66	-71	-75	0	1	0	0
-38	-56	-53	-28	-71	-67	-72	0	1	0	0
-38	-51	-53	-37	-67	-67	-68	0	1	0	0
-37	-56	-57	-39	-61	-72	-74	0	1	0	0
-37	-56	-53	-43	-63	-72	-77	0	1	0	0
-37	-59	-54	-39	-72	-75	-70	0	1	0	0
-37	-60	-53	-39	-65	-70	-68	0	1	0	0
-38	-58	-54	-38	-67	-72	-71	0	1	0	0
-37	-60	-52	-38	-65	-70	-70	0	1	0	0
-37	-60	-53	-37	-64	-68	-67	0	1	0	0
-38	-57	-55	-38	-62	-67	-65	0	1	0	0
-38	-56	-56	-37	-62	-67	-67	0	1	0	0
-37	-59	-55	-38	-65	-67	-68	0	1	0	0
-37	-60	-53	-38	-65	-67	-70	0	1	0	0
-37	-61	-55	-40	-63	-70	-67	0	1	0	0
-37	-58	-56	-38	-63	-75	-74	0	1	0	0
-38	-59	-52	-44	-69	-68	-76	0	1	0	0
-48	-58	-56	-38	-65	-67	-76	0	1	0	0
-45	-58	-65	-38	-65	-66	-70	0	1	0	0
-40	-58	-52	-41	-66	-63	-75	0	1	0	0
-38	-52	-59	-48	-67	-64	-75	0	1	0	0
-39	-55	-55	-47	-80	-66	-63	0	1	0	0
-37	-55	-57	-42	-63	-65	-64	0	1	0	0
-43	-53	-51	-42	-73	-71	-66	0	1	0	0
-42	-53	-50	-44	-71	-68	-64	0	1	0	0
-42	-54	-51	-47	-64	-70	-65	0	1	0	0
-42	-55	-49	-45	-64	-70	-65	0	1	0	0
-42	-54	-50	-45	-63	-68	-64	0	1	0	0
-42	-53	-49	-44	-74	-70	-65	0	1	0	0
-40	-54	-49	-43	-62	-70	-65	0	1	0	0
-40	-53	-50	-40	-62	-69	-65	0	1	0	0
-42	-54	-49	-41	-63	-69	-64	0	1	0	0
-40	-52	-51	-45	-64	-70	-65	0	1	0	0
-39	-53	-51	-40	-64	-67	-64	0	1	0	0
-40	-52	-50	-41	-64	-69	-66	0	1	0	0
-40	-55	-49	-40	-61	-69	-66	0	1	0	0
-40	-53	-49	-41	-71	-66	-65	0	1	0	0
-40	-52	-49	-41	-62	-69	-65	0	1	0	0
-40	-53	-53	-40	-64	-64	-73	0	1	0	0
-42	-54	-52	-40	-61	-73	-71	0	1	0	0
-41	-58	-48	-40	-62	-72	-76	0	1	0	0
-41	-55	-58	-43	-60	-71	-72	0	1	0	0
-40	-55	-52	-43	-60	-76	-72	0	1	0	0
-41	-55	-54	-40	-62	-71	-72	0	1	0	0
-39	-53	-51	-43	-70	-72	-70	0	1	0	0
-41	-52	-57	-41	-63	-73	-68	0	1	0	0
-41	-52	-55	-40	-62	-76	-64	0	1	0	0
-36	-60	-53	-35	-72	-71	-64	0	1	0	0
-37	-55	-55	-42	-69	-66	-69	0	1	0	0
-35	-56	-55	-36	-69	-67	-78	0	1	0	0
-37	-54	-55	-42	-63	-71	-78	0	1	0	0
-37	-51	-54	-43	-60	-69	-70	0	1	0	0
-36	-55	-53	-46	-63	-68	-71	0	1	0	0
-38	-54	-53	-42	-69	-72	-66	0	1	0	0
-36	-51	-67	-40	-63	-74	-68	0	1	0	0
-36	-56	-53	-43	-63	-65	-70	0	1	0	0
-35	-53	-55	-47	-61	-66	-71	0	1	0	0
-35	-53	-57	-46	-64	-65	-70	0	1	0	0
-35	-54	-59	-46	-62	-66	-70	0	1	0	0
-35	-53	-58	-44	-63	-68	-71	0	1	0	0
-36	-53	-57	-40	-66	-70	-69	0	1	0	0
-36	-56	-57	-46	-68	-68	-70	0	1	0	0
-37	-50	-56	-39	-67	-69	-70	0	1	0	0
-37	-49	-57	-42	-62	-64	-71	0	1	0	0
-36	-54	-53	-46	-63	-66	-76	0	1	0	0
-35	-59	-57	-42	-66	-71	-70	0	1	0	0
-37	-58	-60	-37	-75	-65	-67	0	1	0	0
-40	-54	-57	-42	-64	-67	-71	0	1	0	0
-44	-58	-58	-41	-75	-70	-64	0	1	0	0
-41	-57	-63	-40	-73	-66	-65	0	1	0	0
-37	-56	-55	-45	-64	-61	-69	0	1	0	0
-41	-58	-54	-42	-71	-65	-71	0	1	0	0
-40	-55	-56	-36	-64	-65	-66	0	1	0	0
-40	-57	-58	-38	-64	-74	-79	0	1	0	0
-39	-51	-57	-36	-64	-65	-71	0	1	0	0
-35	-57	-59	-36	-63	-74	-75	0	1	0	0
-35	-57	-53	-34	-64	-76	-76	0	1	0	0
-19	-57	-59	-38	-66	-72	-71	0	1	0	0
-15	-58	-56	-15	-74	-76	-71	0	1	0	0
-14	-54	-57	-15	-69	-82	-71	0	1	0	0
-10	-57	-57	-36	-73	-82	-72	0	1	0	0
-14	-55	-57	-34	-67	-71	-72	0	1	0	0
-14	-55	-58	-36	-67	-72	-74	0	1	0	0
-15	-55	-57	-16	-71	-72	-74	0	1	0	0
-16	-55	-56	-15	-64	-78	-76	0	1	0	0
-17	-53	-57	-17	-70	-77	-73	0	1	0	0
-34	-55	-58	-15	-65	-73	-72	0	1	0	0
-34	-54	-61	-34	-70	-72	-73	0	1	0	0
-35	-55	-52	-14	-71	-69	-82	0	1	0	0
-18	-50	-57	-36	-62	-66	-71	0	1	0	0
-27	-60	-56	-18	-65	-68	-72	0	1	0	0
-18	-57	-63	-16	-72	-73	-66	0	1	0	0
-18	-57	-63	-34	-72	-65	-75	0	1	0	0
-37	-56	-58	-45	-65	-67	-72	0	1	0	0
-35	-58	-50	-35	-62	-72	-67	0	1	0	0
-37	-51	-56	-36	-62	-72	-71	0	1	0	0
-38	-55	-51	-43	-64	-73	-73	0	1	0	0
-38	-55	-51	-41	-72	-70	-73	0	1	0	0
-43	-55	-54	-42	-58	-71	-72	0	1	0	0
-40	-57	-57	-43	-68	-89	-72	0	1	0	0
-39	-56	-53	-46	-57	-73	-77	0	1	0	0
-36	-57	-52	-40	-66	-75	-75	0	1	0	0
-40	-55	-57	-37	-71	-79	-77	0	1	0	0
-46	-54	-53	-48	-71	-78	-73	0	1	0	0
-40	-57	-51	-46	-65	-75	-79	0	1	0	0
-48	-56	-55	-46	-65	-86	-79	0	1	0	0
-45	-59	-54	-51	-69	-77	-85	0	1	0	0
-46	-58	-56	-43	-70	-72	-80	0	1	0	0
-39	-54	-56	-40	-70	-77	-78	0	1	0	0
-41	-58	-60	-47	-70	-82	-74	0	1	0	0
-40	-54	-54	-45	-71	-76	-74	0	1	0	0
-42	-55	-56	-43	-73	-76	-75	0	1	0	0
-41	-60	-54	-43	-73	-80	-74	0	1	0	0
-42	-54	-55	-49	-67	-80	-74	0	1	0	0
-40	-55	-57	-50	-66	-75	-73	0	1	0	0
-42	-55	-57	-44	-69	-73	-77	0	1	0	0
-45	-55	-54	-43	-71	-89	-77	0	1	0	0
-46	-55	-54	-45	-62	-76	-73	0	1	0	0
-47	-58	-55	-45	-62	-79	-85	0	1	0	0
-46	-59	-55	-49	-69	-74	-84	0	1	0	0
-45	-57	-55	-48	-67	-77	-84	0	1	0	0
-46	-59	-54	-52	-67	-77	-83	0	1	0	0
-43	-55	-54	-47	-67	-77	-79	0	1	0	0
-39	-53	-56	-48	-66	-69	-72	0	1	0	0
-37	-52	-57	-36	-71	-66	-75	0	1	0	0
-42	-52	-54	-35	-65	-69	-73	0	1	0	0
-37	-50	-50	-36	-58	-69	-75	0	1	0	0
-38	-57	-50	-38	-60	-74	-69	0	1	0	0
-39	-55	-54	-48	-76	-73	-80	0	1	0	0
-49	-54	-55	-53	-66	-73	-80	0	1	0	0
-42	-54	-58	-41	-63	-75	-78	0	1	0	0
-40	-55	-53	-36	-60	-77	-77	0	1	0	0
-37	-56	-56	-35	-69	-73	-69	0	1	0	0
-40	-59	-59	-39	-73	-71	-72	0	1	0	0
-36	-58	-59	-36	-69	-71	-77	0	1	0	0
-40	-58	-57	-40	-74	-79	-77	0	1	0	0
-42	-51	-54	-41	-67	-72	-77	0	1	0	0
-41	-55	-53	-37	-64	-79	-76	0	1	0	0
-42	-54	-49	-41	-68	-71	-77	0	1	0	0
-38	-53	-51	-39	-68	-76	-72	0	1	0	0
-34	-48	-51	-37	-70	-78	-69	0	1	0	0
-34	-53	-59	-36	-75	-73	-69	0	1	0	0
-35	-56	-52	-36	-72	-69	-67	0	1	0	0
-36	-55	-55	-36	-60	-73	-72	0	1	0	0
-35	-54	-56	-34	-61	-71	-74	0	1	0	0
-35	-54	-54	-35	-59	-73	-70	0	1	0	0
-36	-54	-54	-36	-62	-71	-70	0	1	0	0
-34	-57	-55	-35	-59	-71	-69	0	1	0	0
-36	-58	-52	-26	-61	-70	-70	0	1	0	0
-34	-61	-52	-27	-61	-67	-69	0	1	0	0
-35	-56	-57	-34	-60	-73	-80	0	1	0	0
-34	-61	-61	-36	-60	-73	-76	0	1	0	0
-35	-59	-57	-27	-61	-71	-76	0	1	0	0
-35	-60	-54	-35	-61	-81	-80	0	1	0	0
-36	-60	-53	-36	-63	-70	-77	0	1	0	0
-34	-62	-57	-36	-61	-71	-71	0	1	0	0
-36	-59	-57	-35	-61	-65	-80	0	1	0	0
-37	-59	-57	-36	-64	-66	-70	0	1	0	0
-36	-59	-55	-36	-65	-66	-70	0	1	0	0
-36	-59	-55	-40	-65	-66	-69	0	1	0	0
-35	-55	-56	-37	-66	-65	-69	0	1	0	0
-48	-54	-50	-49	-61	-81	-84	0	0	1	0
-54	-53	-54	-50	-63	-79	-77	0	0	1	0
-50	-56	-54	-50	-71	-79	-77	0	0	1	0
-49	-57	-52	-51	-60	-89	-83	0	0	1	0
-48	-52	-54	-47	-61	-80	-86	0	0	1	0
-46	-56	-53	-53	-61	-87	-77	0	0	1	0
-52	-56	-58	-48	-59	-87	-92	0	0	1	0
-45	-51	-59	-53	-62	-82	-85	0	0	1	0
-46	-56	-57	-55	-66	-82	-85	0	0	1	0
-49	-53	-55	-46	-59	-81	-93	0	0	1	0
-49	-52	-58	-46	-57	-77	-77	0	0	1	0
-49	-49	-53	-47	-57	-80	-77	0	0	1	0
-50	-49	-54	-48	-62	-79	-75	0	0	1	0
-56	-51	-47	-51	-71	-79	-75	0	0	1	0
-60	-50	-49	-54	-71	-83	-82	0	0	1	0
-60	-54	-50	-50	-60	-84	-85	0	0	1	0
-48	-56	-50	-45	-61	-80	-80	0	0	1	0
-49	-49	-53	-48	-63	-84	-88	0	0	1	0
-48	-50	-55	-50	-66	-78	-75	0	0	1	0
-53	-55	-55	-53	-66	-79	-86	0	0	1	0
-46	-58	-54	-49	-62	-81	-88	0	0	1	0
-46	-56	-54	-49	-63	-81	-82	0	0	1	0
-47	-54	-55	-47	-66	-78	-86	0	0	1	0
-47	-53	-49	-49	-66	-76	-80	0	0	1	0
-45	-54	-48	-49	-65	-78	-81	0	0	1	0
-45	-53	-55	-49	-63	-78	-81	0	0	1	0
-46	-54	-53	-48	-64	-78	-79	0	0	1	0
-45	-54	-54	-48	-63	-78	-82	0	0	1	0
-45	-53	-55	-50	-63	-83	-82	0	0	1	0
-45	-55	-54	-47	-63	-78	-80	0	0	1	0
-46	-53	-54	-46	-63	-79	-82	0	0	1	0
-46	-52	-54	-47	-64	-79	-81	0	0	1	0
-46	-60	-54	-48	-63	-80	-83	0	0	1	0
-46	-54	-53	-47	-63	-85	-80	0	0	1	0
-47	-55	-55	-49	-67	-85	-80	0	0	1	0
-46	-58	-55	-49	-64	-78	-84	0	0	1	0
-46	-60	-56	-47	-66	-83	-85	0	0	1	0
-49	-52	-61	-52	-61	-82	-88	0	0	1	0
-48	-55	-58	-49	-67	-83	-88	0	0	1	0
-48	-52	-52	-56	-68	-81	-84	0	0	1	0
-49	-51	-58	-45	-65	-83	-84	0	0	1	0
-52	-60	-59	-40	-60	-81	-81	0	0	1	0
-52	-56	-56	-41	-63	-77	-80	0	0	1	0
-48	-57	-54	-50	-66	-83	-78	0	0	1	0
-49	-53	-51	-53	-67	-81	-83	0	0	1	0
-48	-53	-51	-50	-66	-79	-86	0	0	1	0
-47	-55	-54	-50	-72	-80	-88	0	0	1	0
-49	-52	-56	-48	-55	-81	-82	0	0	1	0
-53	-54	-59	-54	-62	-81	-82	0	0	1	0
-55	-51	-52	-48	-60	-78	-86	0	0	1	0
-49	-52	-57	-54	-59	-85	-88	0	0	1	0
-54	-55	-52	-50	-58	-78	-86	0	0	1	0
-51	-56	-51	-58	-58	-80	-86	0	0	1	0
-51	-51	-52	-57	-56	-81	-77	0	0	1	0
-46	-54	-50	-54	-59	-81	-77	0	0	1	0
-49	-53	-50	-55	-59	-80	-87	0	0	1	0
-48	-50	-54	-51	-59	-77	-75	0	0	1	0
-49	-53	-53	-51	-64	-79	-80	0	0	1	0
-48	-53	-50	-55	-66	-83	-82	0	0	1	0
-50	-57	-53	-49	-67	-83	-82	0	0	1	0
-45	-59	-56	-54	-64	-84	-78	0	0	1	0
-50	-57	-60	-43	-66	-77	-82	0	0	1	0
-46	-53	-52	-45	-62	-79	-78	0	0	1	0
-47	-53	-55	-57	-62	-80	-78	0	0	1	0
-48	-55	-54	-48	-67	-85	-81	0	0	1	0
-44	-53	-55	-48	-66	-79	-86	0	0	1	0
-43	-55	-53	-52	-60	-78	-86	0	0	1	0
-50	-56	-56	-60	-60	-78	-86	0	0	1	0
-50	-58	-54	-51	-60	-80	-82	0	0	1	0
-51	-56	-51	-55	-62	-85	-83	0	0	1	0
-47	-54	-49	-52	-58	-79	-86	0	0	1	0
-54	-59	-52	-63	-62	-76	-81	0	0	1	0
-52	-57	-51	-55	-65	-85	-85	0	0	1	0
-52	-57	-61	-59	-59	-85	-85	0	0	1	0
-52	-48	-56	-53	-62	-78	-81	0	0	1	0
-49	-55	-51	-49	-63	-81	-73	0	0	1	0
-46	-48	-52	-52	-62	-77	-80	0	0	1	0
-45	-56	-57	-47	-61	-76	-78	0	0	1	0
-48	-55	-58	-52	-64	-92	-79	0	0	1	0
-49	-52	-48	-52	-62	-78	-75	0	0	1	0
-49	-50	-51	-50	-62	-75	-75	0	0	1	0
-49	-55	-48	-49	-62	-79	-84	0	0	1	0
-50	-56	-48	-48	-63	-80	-91	0	0	1	0
-50	-58	-51	-52	-60	-81	-79	0	0	1	0
-49	-52	-46	-48	-60	-79	-80	0	0	1	0
-52	-52	-49	-49	-58	-77	-84	0	0	1	0
-45	-50	-52	-53	-61	-75	-79	0	0	1	0
-49	-52	-48	-44	-59	-80	-78	0	0	1	0
-47	-58	-49	-45	-66	-85	-79	0	0	1	0
-51	-52	-49	-50	-63	-79	-79	0	0	1	0
-49	-51	-53	-41	-64	-77	-79	0	0	1	0
-49	-52	-54	-52	-60	-83	-79	0	0	1	0
-50	-56	-53	-40	-65	-86	-80	0	0	1	0
-47	-58	-56	-44	-64	-80	-85	0	0	1	0
-47	-53	-54	-49	-63	-88	-85	0	0	1	0
-50	-57	-54	-44	-67	-85	-85	0	0	1	0
-46	-57	-52	-43	-69	-86	-85	0	0	1	0
-45	-50	-57	-49	-63	-81	-82	0	0	1	0
-48	-59	-53	-45	-74	-81	-81	0	0	1	0
-46	-55	-58	-47	-64	-78	-78	0	0	1	0
-51	-55	-54	-49	-60	-79	-84	0	0	1	0
-51	-58	-51	-51	-62	-79	-86	0	0	1	0
-53	-59	-51	-41	-59	-78	-77	0	0	1	0
-49	-54	-55	-49	-63	-81	-87	0	0	1	0
-52	-52	-57	-45	-67	-81	-86	0	0	1	0
-50	-55	-51	-57	-58	-86	-86	0	0	1	0
-45	-53	-50	-49	-67	-75	-77	0	0	1	0
-49	-55	-49	-49	-60	-80	-79	0	0	1	0
-46	-53	-54	-52	-64	-79	-84	0	0	1	0
-46	-49	-51	-45	-62	-79	-79	0	0	1	0
-54	-52	-53	-43	-68	-79	-79	0	0	1	0
-51	-55	-50	-50	-59	-79	-85	0	0	1	0
-48	-60	-57	-52	-61	-85	-84	0	0	1	0
-51	-63	-55	-54	-69	-84	-79	0	0	1	0
-52	-64	-54	-56	-70	-84	-78	0	0	1	0
-52	-64	-54	-54	-68	-85	-79	0	0	1	0
-52	-62	-55	-52	-67	-83	-75	0	0	1	0
-52	-60	-52	-54	-66	-85	-79	0	0	1	0
-51	-60	-55	-53	-72	-85	-78	0	0	1	0
-50	-59	-55	-47	-72	-79	-80	0	0	1	0
-51	-52	-56	-56	-63	-79	-80	0	0	1	0
-51	-55	-51	-49	-61	-82	-81	0	0	1	0
-53	-52	-51	-53	-64	-80	-81	0	0	1	0
-51	-51	-52	-52	-63	-84	-78	0	0	1	0
-52	-52	-52	-49	-62	-80	-80	0	0	1	0
-51	-52	-51	-54	-61	-79	-76	0	0	1	0
-51	-54	-52	-57	-62	-79	-79	0	0	1	0
-50	-59	-53	-54	-65	-77	-78	0	0	1	0
-53	-59	-48	-57	-66	-80	-77	0	0	1	0
-52	-57	-50	-52	-65	-79	-77	0	0	1	0
-51	-57	-51	-51	-65	-80	-80	0	0	1	0
-52	-57	-50	-51	-65	-79	-79	0	0	1	0
-52	-57	-49	-50	-66	-80	-80	0	0	1	0
-52	-56	-50	-56	-66	-81	-80	0	0	1	0
-52	-56	-50	-56	-69	-79	-78	0	0	1	0
-53	-58	-50	-52	-66	-78	-79	0	0	1	0
-53	-56	-50	-50	-67	-80	-81	0	0	1	0
-49	-56	-49	-52	-64	-83	-80	0	0	1	0
-52	-56	-47	-53	-61	-78	-79	0	0	1	0
-52	-57	-50	-52	-60	-78	-79	0	0	1	0
-53	-56	-46	-51	-62	-80	-80	0	0	1	0
-53	-57	-50	-54	-60	-80	-81	0	0	1	0
-52	-56	-50	-52	-60	-80	-80	0	0	1	0
-52	-56	-50	-54	-59	-79	-80	0	0	1	0
-52	-58	-51	-53	-60	-80	-80	0	0	1	0
-52	-55	-56	-51	-69	-85	-85	0	0	1	0
-50	-55	-54	-50	-69	-79	-82	0	0	1	0
-53	-55	-54	-51	-69	-79	-81	0	0	1	0
-52	-56	-53	-53	-70	-80	-78	0	0	1	0
-50	-52	-53	-53	-67	-86	-85	0	0	1	0
-49	-58	-55	-52	-60	-83	-84	0	0	1	0
-50	-49	-52	-56	-69	-80	-81	0	0	1	0
-46	-56	-52	-51	-62	-85	-81	0	0	1	0
-48	-53	-54	-45	-61	-86	-83	0	0	1	0
-50	-56	-53	-52	-68	-84	-77	0	0	1	0
-50	-52	-52	-56	-67	-80	-89	0	0	1	0
-51	-53	-52	-55	-68	-78	-91	0	0	1	0
-51	-60	-52	-52	-67	-79	-91	0	0	1	0
-51	-52	-51	-51	-64	-79	-89	0	0	1	0
-52	-52	-50	-49	-66	-77	-88	0	0	1	0
-50	-52	-52	-47	-65	-77	-89	0	0	1	0
-51	-52	-51	-51	-65	-77	-89	0	0	1	0
-51	-52	-51	-47	-65	-76	-87	0	0	1	0
-51	-53	-49	-51	-65	-77	-89	0	0	1	0
-51	-51	-51	-51	-65	-78	-88	0	0	1	0
-51	-52	-51	-50	-69	-77	-88	0	0	1	0
-52	-53	-49	-50	-69	-79	-87	0	0	1	0
-51	-53	-50	-51	-66	-77	-88	0	0	1	0
-51	-52	-52	-50	-69	-78	-86	0	0	1	0
-51	-53	-52	-54	-65	-77	-87	0	0	1	0
-52	-53	-53	-56	-64	-78	-88	0	0	1	0
-50	-53	-52	-50	-64	-78	-88	0	0	1	0
-51	-52	-51	-55	-66	-78	-89	0	0	1	0
-52	-53	-51	-55	-65	-78	-88	0	0	1	0
-51	-52	-52	-56	-68	-79	-87	0	0	1	0
-51	-53	-52	-55	-67	-78	-88	0	0	1	0
-51	-53	-56	-56	-64	-77	-88	0	0	1	0
-51	-52	-53	-55	-64	-78	-91	0	0	1	0
-50	-54	-54	-54	-66	-77	-86	0	0	1	0
-49	-53	-50	-55	-64	-79	-86	0	0	1	0
-51	-52	-50	-56	-67	-79	-91	0	0	1	0
-50	-53	-50	-55	-68	-78	-87	0	0	1	0
-50	-53	-53	-55	-67	-78	-89	0	0	1	0
-50	-52	-52	-55	-67	-79	-91	0	0	1	0
-51	-53	-55	-50	-67	-76	-88	0	0	1	0
-50	-52	-52	-50	-67	-78	-89	0	0	1	0
-48	-54	-54	-49	-67	-77	-89	0	0	1	0
-49	-54	-53	-50	-70	-78	-86	0	0	1	0
-50	-54	-53	-46	-66	-78	-87	0	0	1	0
-50	-54	-52	-49	-67	-79	-86	0	0	1	0
-49	-53	-50	-48	-67	-78	-88	0	0	1	0
-52	-54	-53	-50	-68	-78	-85	0	0	1	0
-50	-53	-52	-55	-67	-77	-88	0	0	1	0
-49	-54	-53	-55	-67	-77	-86	0	0	1	0
-50	-53	-52	-55	-68	-78	-86	0	0	1	0
-49	-52	-53	-54	-65	-77	-88	0	0	1	0
-50	-52	-51	-54	-67	-77	-88	0	0	1	0
-50	-53	-53	-54	-67	-78	-86	0	0	1	0
-49	-52	-52	-53	-65	-77	-85	0	0	1	0
-52	-50	-53	-54	-68	-76	-85	0	0	1	0
-51	-54	-53	-55	-66	-77	-85	0	0	1	0
-51	-52	-56	-52	-66	-80	-89	0	0	1	0
-48	-57	-49	-53	-62	-79	-87	0	0	1	0
-47	-60	-59	-55	-70	-79	-85	0	0	1	0
-57	-58	-56	-55	-71	-84	-87	0	0	1	0
-55	-58	-55	-54	-70	-81	-87	0	0	1	0
-55	-56	-58	-53	-70	-81	-88	0	0	1	0
-55	-66	-57	-52	-70	-84	-84	0	0	1	0
-52	-57	-58	-57	-68	-86	-83	0	0	1	0
-50	-60	-73	-58	-68	-88	-92	0	0	1	0
-49	-59	-57	-50	-72	-80	-91	0	0	1	0
-49	-59	-56	-50	-63	-80	-91	0	0	1	0
-49	-62	-56	-50	-63	-83	-89	0	0	1	0
-49	-61	-56	-49	-64	-84	-89	0	0	1	0
-49	-60	-55	-49	-63	-85	-89	0	0	1	0
-49	-60	-56	-50	-63	-84	-87	0	0	1	0
-49	-61	-55	-49	-62	-84	-89	0	0	1	0
-49	-61	-55	-53	-72	-85	-92	0	0	1	0
-53	-57	-62	-55	-60	-86	-83	0	0	1	0
-51	-56	-60	-48	-60	-86	-83	0	0	1	0
-45	-59	-57	-51	-62	-77	-85	0	0	1	0
-48	-58	-55	-49	-60	-80	-83	0	0	1	0
-49	-64	-53	-52	-63	-73	-78	0	0	1	0
-48	-66	-57	-51	-70	-81	-80	0	0	1	0
-49	-64	-58	-53	-70	-84	-80	0	0	1	0
-48	-61	-57	-51	-67	-83	-76	0	0	1	0
-49	-64	-58	-51	-70	-86	-78	0	0	1	0
-51	-64	-59	-49	-71	-87	-77	0	0	1	0
-51	-62	-59	-50	-66	-85	-77	0	0	1	0
-51	-62	-59	-52	-68	-85	-78	0	0	1	0
-47	-64	-57	-51	-64	-85	-78	0	0	1	0
-45	-63	-60	-53	-67	-83	-85	0	0	1	0
-51	-60	-57	-54	-64	-84	-83	0	0	1	0
-51	-58	-55	-54	-67	-86	-83	0	0	1	0
-49	-52	-52	-51	-63	-78	-74	0	0	1	0
-51	-53	-54	-53	-62	-83	-82	0	0	1	0
-46	-46	-52	-52	-57	-77	-82	0	0	1	0
-48	-46	-50	-54	-63	-87	-77	0	0	1	0
-54	-54	-50	-54	-60	-81	-79	0	0	1	0
-49	-56	-53	-52	-58	-89	-86	0	0	1	0
-52	-52	-53	-53	-56	-78	-79	0	0	1	0
-52	-55	-55	-54	-65	-85	-78	0	0	1	0
-55	-51	-51	-55	-59	-89	-78	0	0	1	0
-63	-52	-51	-56	-59	-89	-84	0	0	1	0
-55	-53	-52	-56	-58	-85	-88	0	0	1	0
-56	-52	-51	-57	-64	-86	-91	0	0	1	0
-56	-52	-50	-58	-57	-85	-88	0	0	1	0
-54	-53	-50	-58	-58	-84	-87	0	0	1	0
-53	-54	-53	-60	-60	-86	-91	0	0	1	0
-49	-54	-50	-55	-63	-85	-81	0	0	1	0
-50	-52	-54	-55	-64	-83	-74	0	0	1	0
-45	-52	-54	-53	-56	-83	-79	0	0	1	0
-45	-50	-50	-55	-57	-76	-75	0	0	1	0
-49	-55	-50	-53	-62	-76	-75	0	0	1	0
-48	-57	-51	-51	-60	-79	-80	0	0	1	0
-47	-50	-53	-47	-63	-76	-79	0	0	1	0
-50	-51	-49	-48	-54	-77	-77	0	0	1	0
-51	-47	-50	-49	-59	-80	-85	0	0	1	0
-46	-55	-48	-52	-62	-80	-79	0	0	1	0
-51	-52	-50	-49	-60	-77	-76	0	0	1	0
-49	-59	-57	-49	-67	-85	-83	0	0	1	0
-50	-56	-51	-49	-67	-84	-81	0	0	1	0
-51	-60	-59	-46	-68	-78	-83	0	0	1	0
-52	-54	-53	-51	-61	-83	-81	0	0	1	0
-46	-51	-50	-48	-64	-82	-78	0	0	1	0
-44	-56	-54	-52	-63	-80	-79	0	0	1	0
-49	-56	-54	-55	-62	-78	-81	0	0	1	0
-47	-52	-56	-56	-62	-83	-83	0	0	1	0
-51	-54	-53	-52	-63	-81	-76	0	0	1	0
-51	-54	-51	-53	-60	-86	-79	0	0	1	0
-45	-52	-52	-51	-64	-84	-84	0	0	1	0
-45	-46	-58	-53	-59	-77	-82	0	0	1	0
-47	-57	-57	-52	-69	-79	-77	0	0	1	0
-54	-61	-51	-44	-63	-79	-76	0	0	1	0
-44	-53	-51	-49	-60	-84	-76	0	0	1	0
-43	-57	-51	-52	-62	-79	-77	0	0	1	0
-50	-54	-49	-46	-64	-85	-77	0	0	1	0
-46	-60	-54	-50	-62	-79	-74	0	0	1	0
-46	-53	-47	-52	-57	-79	-85	0	0	1	0
-51	-48	-56	-53	-61	-80	-79	0	0	1	0
-52	-51	-49	-56	-65	-81	-83	0	0	1	0
-50	-57	-50	-59	-62	-91	-93	0	0	1	0
-53	-53	-50	-55	-59	-86	-81	0	0	1	0
-49	-55	-49	-49	-60	-81	-81	0	0	1	0
-47	-57	-49	-46	-63	-84	-86	0	0	1	0
-51	-52	-48	-48	-62	-85	-78	0	0	1	0
-51	-51	-45	-53	-59	-84	-76	0	0	1	0
-48	-54	-52	-54	-58	-87	-89	0	0	1	0
-50	-54	-51	-50	-66	-87	-85	0	0	1	0
-47	-55	-57	-50	-64	-80	-85	0	0	1	0
-50	-56	-57	-49	-68	-92	-80	0	0	1	0
-48	-57	-54	-47	-66	-79	-79	0	0	1	0
-42	-54	-48	-51	-64	-78	-87	0	0	1	0
-49	-56	-51	-54	-65	-79	-78	0	0	1	0
-51	-59	-51	-48	-67	-79	-79	0	0	1	0
-52	-60	-52	-48	-70	-79	-79	0	0	1	0
-53	-58	-50	-48	-64	-88	-80	0	0	1	0
-47	-54	-51	-47	-66	-88	-80	0	0	1	0
-48	-55	-51	-55	-69	-88	-80	0	0	1	0
-46	-53	-50	-53	-64	-81	-86	0	0	1	0
-52	-60	-51	-46	-63	-84	-77	0	0	1	0
-53	-57	-50	-47	-62	-86	-81	0	0	1	0
-53	-58	-51	-48	-63	-85	-78	0	0	1	0
-53	-58	-51	-48	-63	-88	-80	0	0	1	0
-52	-58	-50	-53	-64	-87	-81	0	0	1	0
-54	-56	-50	-50	-64	-87	-80	0	0	1	0
-52	-52	-51	-51	-74	-86	-80	0	0	1	0
-51	-62	-53	-51	-67	-79	-89	0	0	1	0
-51	-63	-51	-52	-66	-79	-89	0	0	1	0
-52	-61	-51	-52	-66	-80	-89	0	0	1	0
-53	-62	-51	-52	-67	-79	-89	0	0	1	0
-53	-62	-52	-53	-65	-79	-91	0	0	1	0
-46	-60	-52	-55	-61	-85	-85	0	0	1	0
-43	-59	-51	-53	-61	-83	-85	0	0	1	0
-44	-60	-52	-49	-63	-84	-84	0	0	1	0
-47	-57	-57	-52	-62	-86	-84	0	0	1	0
-47	-57	-56	-51	-64	-80	-86	0	0	1	0
-47	-56	-58	-56	-62	-81	-83	0	0	1	0
-48	-55	-58	-50	-63	-81	-86	0	0	1	0
-47	-55	-58	-50	-60	-81	-84	0	0	1	0
-47	-64	-53	-54	-60	-83	-84	0	0	1	0
-45	-63	-57	-55	-58	-79	-85	0	0	1	0
-45	-63	-57	-53	-57	-81	-84	0	0	1	0
-45	-60	-59	-52	-57	-83	-85	0	0	1	0
-45	-60	-56	-54	-59	-84	-85	0	0	1	0
-47	-56	-53	-53	-66	-85	-85	0	0	1	0
-48	-58	-52	-53	-61	-88	-83	0	0	1	0
-46	-55	-53	-52	-57	-81	-86	0	0	1	0
-46	-57	-53	-48	-58	-80	-86	0	0	1	0
-48	-55	-55	-52	-65	-80	-82	0	0	1	0
-53	-56	-51	-50	-61	-83	-81	0	0	1	0
-54	-55	-50	-49	-60	-84	-81	0	0	1	0
-53	-58	-51	-50	-62	-84	-81	0	0	1	0
-53	-54	-54	-50	-61	-82	-84	0	0	1	0
-52	-55	-52	-52	-62	-82	-84	0	0	1	0
-52	-56	-53	-50	-62	-84	-81	0	0	1	0
-52	-55	-51	-49	-62	-86	-84	0	0	1	0
-53	-55	-52	-46	-63	-86	-85	0	0	1	0
-53	-55	-51	-49	-65	-86	-84	0	0	1	0
-52	-54	-51	-49	-63	-87	-84	0	0	1	0
-52	-56	-51	-48	-64	-87	-84	0	0	1	0
-51	-55	-51	-48	-63	-88	-84	0	0	1	0
-52	-56	-51	-46	-63	-86	-82	0	0	1	0
-52	-55	-51	-49	-64	-87	-84	0	0	1	0
-51	-55	-52	-49	-64	-86	-83	0	0	1	0
-52	-54	-52	-49	-63	-86	-81	0	0	1	0
-52	-55	-52	-49	-63	-88	-85	0	0	1	0
-51	-55	-52	-48	-63	-87	-85	0	0	1	0
-52	-57	-53	-49	-61	-88	-85	0	0	1	0
-52	-56	-52	-49	-63	-87	-85	0	0	1	0
-58	-56	-47	-62	-36	-85	-84	0	0	0	1
-61	-52	-49	-56	-46	-84	-83	0	0	0	1
-55	-50	-51	-61	-48	-82	-79	0	0	0	1
-61	-52	-43	-60	-47	-89	-85	0	0	0	1
-58	-59	-44	-57	-54	-82	-89	0	0	0	1
-59	-52	-59	-61	-54	-87	-89	0	0	0	1
-59	-51	-56	-59	-51	-87	-86	0	0	0	1
-59	-52	-56	-59	-51	-89	-84	0	0	0	1
-59	-52	-56	-59	-51	-89	-87	0	0	0	1
-59	-52	-57	-59	-50	-88	-88	0	0	0	1
-59	-53	-57	-60	-51	-89	-95	0	0	0	1
-59	-54	-59	-60	-50	-87	-86	0	0	0	1
-59	-53	-56	-59	-51	-87	-89	0	0	0	1
-59	-53	-57	-59	-50	-88	-88	0	0	0	1
-59	-57	-56	-61	-52	-86	-85	0	0	0	1
-60	-54	-54	-60	-64	-88	-88	0	0	0	1
-59	-53	-57	-60	-51	-87	-88	0	0	0	1
-58	-52	-58	-60	-52	-86	-89	0	0	0	1
-59	-52	-56	-58	-55	-88	-87	0	0	0	1
-59	-52	-55	-60	-55	-87	-88	0	0	0	1
-59	-51	-54	-59	-55	-87	-88	0	0	0	1
-59	-51	-55	-59	-53	-88	-88	0	0	0	1
-59	-56	-55	-59	-54	-87	-88	0	0	0	1
-59	-52	-55	-59	-55	-88	-85	0	0	0	1
-58	-51	-56	-59	-54	-87	-87	0	0	0	1
-59	-50	-55	-59	-54	-88	-87	0	0	0	1
-59	-50	-55	-59	-53	-86	-87	0	0	0	1
-59	-50	-59	-59	-55	-85	-87	0	0	0	1
-59	-51	-55	-59	-54	-87	-88	0	0	0	1
-59	-51	-57	-59	-53	-87	-92	0	0	0	1
-59	-53	-56	-60	-53	-85	-86	0	0	0	1
-59	-53	-57	-62	-55	-88	-85	0	0	0	1
-58	-52	-57	-60	-52	-86	-88	0	0	0	1
-58	-50	-54	-60	-53	-86	-89	0	0	0	1
-59	-52	-57	-60	-54	-91	-89	0	0	0	1
-59	-52	-55	-59	-52	-88	-87	0	0	0	1
-57	-52	-56	-60	-52	-91	-85	0	0	0	1
-57	-51	-56	-57	-50	-88	-86	0	0	0	1
-57	-50	-58	-60	-51	-87	-88	0	0	0	1
-60	-50	-57	-60	-50	-89	-86	0	0	0	1
-59	-51	-56	-58	-51	-95	-84	0	0	0	1
-58	-51	-56	-58	-50	-88	-88	0	0	0	1
-59	-51	-56	-58	-50	-88	-86	0	0	0	1
-59	-50	-57	-59	-51	-87	-85	0	0	0	1
-59	-51	-57	-59	-52	-87	-86	0	0	0	1
-59	-50	-57	-61	-51	-85	-86	0	0	0	1
-59	-51	-54	-60	-50	-87	-86	0	0	0	1
-59	-51	-57	-59	-51	-89	-86	0	0	0	1
-59	-51	-56	-61	-50	-86	-86	0	0	0	1
-59	-50	-57	-60	-49	-91	-86	0	0	0	1
-59	-51	-57	-60	-49	-87	-88	0	0	0	1
-59	-53	-55	-60	-51	-87	-87	0	0	0	1
-59	-52	-57	-58	-50	-86	-88	0	0	0	1
-59	-52	-57	-60	-49	-86	-88	0	0	0	1
-60	-53	-59	-59	-53	-86	-86	0	0	0	1
-57	-52	-56	-62	-52	-92	-85	0	0	0	1
-56	-51	-43	-59	-47	-83	-89	0	0	0	1
-55	-52	-46	-59	-53	-88	-84	0	0	0	1
-56	-58	-48	-60	-51	-85	-85	0	0	0	1
-63	-58	-52	-59	-51	-88	-94	0	0	0	1
-57	-61	-53	-59	-52	-87	-89	0	0	0	1
-58	-61	-52	-61	-53	-85	-88	0	0	0	1
-57	-57	-51	-60	-53	-85	-89	0	0	0	1
-57	-60	-49	-61	-54	-85	-88	0	0	0	1
-57	-61	-56	-60	-53	-86	-86	0	0	0	1
-58	-54	-52	-61	-53	-85	-89	0	0	0	1
-55	-56	-47	-54	-49	-81	-79	0	0	0	1
-58	-55	-55	-54	-49	-78	-79	0	0	0	1
-63	-54	-50	-55	-50	-85	-79	0	0	0	1
-58	-55	-53	-59	-52	-81	-84	0	0	0	1
-59	-59	-52	-60	-51	-87	-86	0	0	0	1
-57	-55	-57	-59	-48	-85	-84	0	0	0	1
-59	-57	-53	-58	-55	-85	-86	0	0	0	1
-59	-59	-52	-59	-53	-87	-87	0	0	0	1
-59	-56	-53	-60	-49	-85	-84	0	0	0	1
-58	-56	-56	-61	-52	-85	-85	0	0	0	1
-58	-59	-56	-60	-50	-86	-83	0	0	0	1
-57	-57	-54	-58	-56	-84	-87	0	0	0	1
-55	-56	-48	-60	-55	-84	-84	0	0	0	1
-52	-61	-48	-60	-51	-80	-80	0	0	0	1
-54	-57	-50	-61	-53	-83	-82	0	0	0	1
-55	-53	-51	-62	-56	-85	-87	0	0	0	1
-58	-55	-51	-66	-54	-86	-85	0	0	0	1
-58	-53	-49	-60	-48	-86	-91	0	0	0	1
-55	-48	-49	-62	-55	-86	-91	0	0	0	1
-59	-57	-50	-59	-50	-89	-80	0	0	0	1
-64	-55	-52	-74	-53	-89	-80	0	0	0	1
-62	-62	-49	-66	-47	-93	-80	0	0	0	1
-64	-57	-53	-64	-47	-88	-91	0	0	0	1
-64	-59	-51	-62	-51	-88	-91	0	0	0	1
-63	-56	-53	-60	-49	-88	-88	0	0	0	1
-61	-58	-54	-63	-47	-88	-81	0	0	0	1
-63	-57	-52	-64	-52	-88	-93	0	0	0	1
-64	-58	-50	-65	-50	-91	-85	0	0	0	1
-66	-57	-55	-64	-52	-91	-87	0	0	0	1
-61	-55	-54	-69	-53	-84	-89	0	0	0	1
-61	-61	-50	-64	-51	-84	-89	0	0	0	1
-60	-60	-51	-64	-53	-87	-87	0	0	0	1
-62	-63	-52	-70	-48	-87	-87	0	0	0	1
-64	-57	-53	-66	-48	-92	-87	0	0	0	1
-63	-54	-53	-65	-52	-92	-89	0	0	0	1
-63	-57	-57	-70	-50	-92	-87	0	0	0	1
-70	-59	-56	-64	-46	-88	-95	0	0	0	1
-65	-62	-49	-67	-45	-88	-94	0	0	0	1
-63	-59	-53	-70	-46	-86	-88	0	0	0	1
-61	-61	-52	-68	-45	-88	-88	0	0	0	1
-62	-61	-51	-68	-48	-88	-88	0	0	0	1
-63	-57	-53	-63	-48	-85	-92	0	0	0	1
-62	-55	-53	-65	-50	-88	-93	0	0	0	1
-64	-59	-52	-65	-50	-88	-85	0	0	0	1
-61	-60	-53	-61	-52	-87	-87	0	0	0	1
-60	-61	-58	-63	-49	-84	-85	0	0	0	1
-63	-57	-57	-62	-51	-89	-84	0	0	0	1
-63	-58	-50	-63	-48	-91	-85	0	0	0	1
-64	-54	-56	-66	-52	-88	-85	0	0	0	1
-63	-59	-51	-72	-55	-96	-92	0	0	0	1
-61	-57	-53	-65	-50	-87	-91	0	0	0	1
-61	-56	-49	-60	-52	-91	-85	0	0	0	1
-61	-55	-45	-55	-56	-85	-85	0	0	0	1
-61	-61	-49	-58	-54	-94	-85	0	0	0	1
-66	-59	-52	-63	-59	-88	-87	0	0	0	1
-61	-61	-51	-62	-54	-85	-91	0	0	0	1
-64	-60	-53	-60	-48	-89	-89	0	0	0	1
-65	-61	-56	-67	-50	-89	-91	0	0	0	1
-64	-66	-58	-70	-50	-89	-93	0	0	0	1
-63	-58	-57	-61	-52	-89	-93	0	0	0	1
-63	-57	-60	-69	-49	-93	-93	0	0	0	1
-64	-55	-55	-62	-49	-93	-85	0	0	0	1
-59	-62	-54	-62	-46	-87	-91	0	0	0	1
-64	-58	-49	-64	-49	-92	-91	0	0	0	1
-66	-54	-53	-71	-48	-92	-91	0	0	0	1
-66	-56	-56	-63	-50	-89	-91	0	0	0	1
-66	-54	-54	-64	-47	-89	-86	0	0	0	1
-67	-55	-56	-64	-50	-88	-87	0	0	0	1
-66	-56	-56	-66	-49	-89	-87	0	0	0	1
-66	-56	-55	-67	-48	-87	-87	0	0	0	1
-66	-57	-56	-64	-49	-89	-87	0	0	0	1
-66	-57	-55	-65	-48	-91	-87	0	0	0	1
-67	-57	-55	-65	-49	-88	-87	0	0	0	1
-68	-57	-54	-64	-51	-89	-87	0	0	0	1
-67	-56	-55	-64	-49	-91	-89	0	0	0	1
-65	-56	-54	-63	-49	-92	-89	0	0	0	1
-64	-55	-55	-66	-49	-88	-88	0	0	0	1
-67	-56	-52	-64	-51	-89	-85	0	0	0	1
-65	-57	-55	-64	-50	-92	-85	0	0	0	1
-65	-57	-56	-63	-48	-92	-85	0	0	0	1
-65	-57	-54	-70	-50	-88	-85	0	0	0	1
-66	-57	-55	-65	-51	-88	-88	0	0	0	1
-66	-59	-47	-67	-51	-94	-88	0	0	0	1
-66	-59	-45	-67	-52	-93	-92	0	0	0	1
-69	-58	-46	-66	-48	-95	-93	0	0	0	1
-65	-57	-45	-69	-48	-91	-94	0	0	0	1
-64	-59	-46	-65	-48	-91	-91	0	0	0	1
-63	-59	-45	-65	-47	-89	-92	0	0	0	1
-63	-58	-46	-66	-49	-93	-93	0	0	0	1
-63	-58	-47	-66	-48	-93	-92	0	0	0	1
-64	-59	-45	-65	-51	-93	-92	0	0	0	1
-64	-58	-45	-65	-51	-92	-92	0	0	0	1
-64	-60	-45	-66	-52	-92	-92	0	0	0	1
-64	-60	-44	-66	-52	-91	-92	0	0	0	1
-65	-57	-45	-66	-47	-92	-92	0	0	0	1
-64	-58	-45	-66	-48	-89	-93	0	0	0	1
-66	-58	-47	-68	-47	-88	-91	0	0	0	1
-67	-64	-47	-64	-50	-88	-91	0	0	0	1
-61	-60	-50	-63	-45	-88	-91	0	0	0	1
-64	-56	-51	-65	-49	-91	-94	0	0	0	1
-63	-56	-55	-60	-52	-86	-98	0	0	0	1
-64	-57	-53	-61	-50	-86	-98	0	0	0	1
-64	-54	-55	-59	-52	-88	-98	0	0	0	1
-61	-57	-54	-65	-52	-89	-88	0	0	0	1
-65	-56	-49	-61	-44	-88	-91	0	0	0	1
-64	-58	-51	-59	-40	-88	-87	0	0	0	1
-58	-57	-50	-60	-47	-84	-86	0	0	0	1
-60	-53	-50	-66	-39	-86	-86	0	0	0	1
-61	-56	-44	-61	-49	-91	-86	0	0	0	1
-61	-51	-49	-59	-56	-91	-89	0	0	0	1
-65	-52	-48	-63	-48	-91	-88	0	0	0	1
-69	-52	-48	-66	-48	-88	-87	0	0	0	1
-67	-52	-46	-66	-47	-89	-87	0	0	0	1
-67	-53	-46	-64	-48	-88	-87	0	0	0	1
-66	-52	-48	-71	-55	-88	-87	0	0	0	1
-65	-52	-46	-65	-49	-88	-87	0	0	0	1
-65	-52	-46	-64	-49	-88	-87	0	0	0	1
-65	-54	-46	-65	-51	-91	-89	0	0	0	1
-65	-51	-49	-63	-49	-92	-91	0	0	0	1
-64	-48	-54	-58	-52	-80	-88	0	0	0	1
-60	-52	-45	-58	-51	-87	-80	0	0	0	1
-57	-54	-46	-53	-44	-85	-84	0	0	0	1
-58	-54	-44	-59	-47	-83	-86	0	0	0	1
-55	-57	-49	-52	-53	-82	-86	0	0	0	1
-59	-53	-49	-56	-49	-83	-88	0	0	0	1
-60	-57	-58	-58	-50	-83	-88	0	0	0	1
-64	-55	-55	-58	-51	-89	-88	0	0	0	1
-64	-54	-52	-58	-52	-89	-88	0	0	0	1
-59	-53	-49	-59	-45	-89	-88	0	0	0	1
-60	-52	-49	-61	-51	-85	-81	0	0	0	1
-61	-58	-52	-61	-45	-92	-81	0	0	0	1
-60	-56	-43	-61	-50	-89	-87	0	0	0	1
-62	-57	-44	-61	-44	-89	-87	0	0	0	1
-62	-58	-49	-64	-42	-86	-89	0	0	0	1
-61	-54	-45	-66	-45	-88	-87	0	0	0	1
-60	-55	-47	-59	-54	-91	-80	0	0	0	1
-57	-59	-44	-60	-56	-87	-85	0	0	0	1
-56	-54	-48	-57	-51	-84	-89	0	0	0	1
-58	-54	-46	-55	-50	-87	-91	0	0	0	1
-58	-51	-46	-58	-50	-79	-87	0	0	0	1
-59	-55	-48	-59	-52	-86	-85	0	0	0	1
-57	-61	-54	-64	-48	-87	-91	0	0	0	1
-64	-55	-52	-61	-50	-92	-94	0	0	0	1
-62	-57	-50	-62	-49	-93	-86	0	0	0	1
-65	-58	-56	-61	-49	-89	-88	0	0	0	1
-62	-58	-50	-58	-47	-95	-87	0	0	0	1
-57	-52	-44	-59	-51	-88	-85	0	0	0	1
-55	-53	-47	-57	-50	-85	-85	0	0	0	1
-57	-52	-46	-60	-43	-88	-85	0	0	0	1
-64	-57	-48	-60	-39	-88	-85	0	0	0	1
-60	-51	-53	-63	-42	-87	-82	0	0	0	1
-63	-62	-49	-63	-45	-92	-86	0	0	0	1
-59	-52	-44	-57	-49	-85	-87	0	0	0	1
-58	-56	-52	-54	-52	-87	-84	0	0	0	1
-61	-57	-51	-56	-49	-88	-85	0	0	0	1
-59	-57	-56	-65	-49	-92	-91	0	0	0	1
-59	-57	-52	-71	-49	-92	-88	0	0	0	1
-59	-56	-56	-65	-49	-92	-88	0	0	0	1
-59	-56	-58	-66	-51	-92	-88	0	0	0	1
-60	-58	-55	-65	-50	-91	-86	0	0	0	1
-60	-58	-57	-68	-50	-96	-87	0	0	0	1
-61	-58	-58	-67	-50	-96	-85	0	0	0	1
-59	-57	-56	-65	-49	-91	-86	0	0	0	1
-61	-58	-57	-66	-49	-93	-86	0	0	0	1
-60	-57	-56	-65	-50	-96	-87	0	0	0	1
-61	-58	-56	-67	-50	-95	-88	0	0	0	1
-61	-57	-54	-67	-52	-89	-86	0	0	0	1
-58	-57	-55	-66	-51	-88	-87	0	0	0	1
-60	-57	-55	-65	-51	-94	-86	0	0	0	1
-60	-58	-56	-64	-52	-93	-86	0	0	0	1
-58	-56	-56	-64	-50	-82	-87	0	0	0	1
-61	-55	-55	-66	-61	-83	-92	0	0	0	1
-60	-56	-57	-65	-49	-85	-89	0	0	0	1
-60	-58	-56	-66	-51	-85	-89	0	0	0	1
-61	-56	-57	-65	-54	-85	-88	0	0	0	1
-61	-57	-57	-66	-55	-83	-87	0	0	0	1
-60	-57	-56	-64	-52	-84	-88	0	0	0	1
-61	-59	-56	-64	-50	-85	-87	0	0	0	1
-61	-56	-55	-63	-52	-84	-87	0	0	0	1
-58	-61	-56	-64	-49	-83	-87	0	0	0	1
-61	-56	-55	-63	-47	-85	-89	0	0	0	1
-61	-58	-48	-57	-52	-91	-92	0	0	0	1
-61	-55	-54	-72	-45	-89	-92	0	0	0	1
-62	-61	-52	-69	-42	-88	-92	0	0	0	1
-64	-57	-54	-69	-43	-88	-92	0	0	0	1
-63	-58	-54	-69	-43	-91	-92	0	0	0	1
-63	-59	-54	-77	-42	-91	-92	0	0	0	1
-64	-59	-55	-66	-44	-93	-92	0	0	0	1
-64	-59	-51	-67	-43	-88	-92	0	0	0	1
-62	-60	-55	-67	-43	-88	-92	0	0	0	1
-63	-58	-54	-67	-43	-88	-98	0	0	0	1
-62	-59	-53	-64	-44	-89	-98	0	0	0	1
-61	-62	-54	-69	-46	-93	-98	0	0	0	1
-62	-59	-52	-69	-46	-91	-98	0	0	0	1
-58	-57	-46	-56	-43	-89	-85	0	0	0	1
-60	-53	-48	-61	-46	-85	-85	0	0	0	1
-56	-55	-43	-57	-52	-93	-85	0	0	0	1
-57	-54	-54	-59	-51	-88	-87	0	0	0	1
-56	-55	-50	-59	-62	-84	-86	0	0	0	1
-58	-56	-46	-56	-62	-84	-87	0	0	0	1
-59	-54	-51	-59	-58	-80	-87	0	0	0	1
-58	-54	-53	-60	-47	-82	-83	0	0	0	1
-63	-54	-47	-64	-50	-83	-88	0	0	0	1
-58	-55	-57	-64	-47	-85	-89	0	0	0	1
-63	-57	-47	-64	-49	-86	-81	0	0	0	1
-63	-58	-50	-57	-46	-91	-93	0	0	0	1
-60	-54	-56	-65	-43	-88	-87	0	0	0	1
-59	-56	-49	-57	-45	-88	-88	0	0	0	1
-56	-56	-40	-62	-50	-86	-86	0	0	0	1
-63	-52	-43	-63	-51	-87	-88	0	0	0	1
-60	-56	-44	-53	-46	-87	-88	0	0	0	1
-64	-56	-48	-62	-53	-88	-87	0	0	0	1
-59	-56	-41	-54	-46	-89	-88	0	0	0	1
-60	-59	-51	-59	-53	-88	-88	0	0	0	1
-62	-58	-54	-61	-52	-88	-85	0	0	0	1
-61	-53	-50	-59	-46	-84	-93	0	0	0	1
-60	-56	-44	-59	-46	-81	-86	0	0	0	1
-64	-57	-52	-60	-40	-87	-87	0	0	0	1
-63	-56	-51	-57	-45	-88	-88	0	0	0	1
-61	-54	-52	-65	-49	-85	-91	0	0	0	1
-60	-63	-54	-63	-47	-88	-92	0	0	0	1
-61	-55	-52	-61	-44	-88	-92	0	0	0	1
-62	-58	-52	-63	-50	-87	-88	0	0	0	1
-63	-57	-55	-63	-49	-88	-81	0	0	0	1
-64	-63	-56	-64	-47	-92	-83	0	0	0	1
-71	-59	-52	-62	-48	-91	-83	0	0	0	1
-57	-53	-51	-57	-48	-88	-85	0	0	0	1
-61	-55	-46	-57	-46	-83	-85	0	0	0	1
-56	-53	-49	-60	-48	-82	-85	0	0	0	1
-61	-56	-52	-62	-52	-82	-87	0	0	0	1
-64	-58	-48	-63	-42	-85	-93	0	0	0	1
-58	-56	-44	-60	-47	-84	-85	0	0	0	1
-58	-51	-49	-61	-48	-88	-85	0	0	0	1
-57	-55	-45	-59	-50	-85	-85	0	0	0	1
-61	-52	-48	-57	-47	-85	-85	0	0	0	1
-59	-50	-51	-59	-51	-83	-85	0	0	0	1
-60	-52	-48	-61	-48	-83	-84	0	0	0	1
-61	-55	-45	-57	-53	-91	-82	0	0	0	1
-56	-51	-45	-54	-52	-79	-85	0	0	0	1
-56	-60	-55	-55	-53	-88	-85	0	0	0	1
-60	-60	-46	-54	-49	-81	-83	0	0	0	1
-58	-57	-46	-55	-50	-87	-85	0	0	0	1
-59	-56	-50	-60	-52	-81	-85	0	0	0	1
-57	-56	-49	-58	-50	-87	-85	0	0	0	1
-60	-58	-53	-55	-53	-83	-84	0	0	0	1
-61	-52	-49	-58	-51	-91	-84	0	0	0	1
-57	-57	-48	-59	-49	-88	-88	0	0	0	1
-58	-54	-49	-60	-55	-91	-93	0	0	0	1
-60	-59	-50	-58	-45	-87	-89	0	0	0	1
-61	-57	-50	-59	-46	-91	-89	0	0	0	1
-63	-53	-59	-62	-45	-88	-86	0	0	0	1
-63	-56	-51	-64	-49	-88	-89	0	0	0	1
-63	-57	-55	-60	-50	-86	-92	0	0	0	1
-62	-62	-55	-64	-42	-86	-92	0	0	0	1
-63	-56	-50	-56	-49	-89	-92	0	0	0	1
-61	-56	-52	-58	-52	-82	-85	0	0	0	1
-59	-49	-44	-61	-45	-89	-89	0	0	0	1
-60	-61	-49	-60	-50	-89	-88	0	0	0	1
-59	-55	-49	-60	-42	-92	-93	0	0	0	1
-61	-54	-50	-63	-42	-92	-93	0	0	0	1
-60	-49	-48	-62	-48	-85	-93	0	0	0	1
-59	-49	-45	-57	-52	-80	-82	0	0	0	1
-62	-56	-49	-58	-45	-85	-82	0	0	0	1
-65	-54	-53	-61	-43	-84	-83	0	0	0	1
-64	-59	-53	-63	-52	-87	-83	0	0	0	1
-62	-58	-52	-65	-49	-89	-84	0	0	0	1
-61	-54	-48	-64	-49	-89	-81	0	0	0	1
-57	-51	-49	-64	-52	-88	-81	0	0	0	1
-59	-52	-49	-55	-56	-83	-81	0	0	0	1
-57	-60	-47	-59	-50	-79	-88	0	0	0	1
-61	-56	-48	-62	-54	-88	-86	0	0	0	1
-60	-51	-51	-59	-54	-86	-89	0	0	0	1
-57	-56	-48	-66	-49	-84	-91	0	0	0	1
-61	-56	-47	-60	-48	-83	-87	0	0	0	1
-58	-49	-50	-61	-51	-83	-87	0	0	0	1
-58	-50	-43	-56	-55	-83	-87	0	0	0	1
-58	-53	-48	-58	-54	-88	-89	0	0	0	1
-57	-56	-48	-59	-47	-86	-89	0	0	0	1
-58	-57	-48	-64	-52	-92	-87	0	0	0	1
-59	-57	-48	-69	-52	-87	-87	0	0	0	1
-58	-54	-53	-64	-51	-87	-91	0	0	0	1
-59	-55	-55	-62	-47	-91	-84	0	0	0	1
-59	-55	-54	-64	-44	-86	-86	0	0	0	1
-60	-53	-52	-64	-46	-85	-83	0	0	0	1